[[ 0  0  0  0  0  0  0  0]
 [ 0  0  0  0  0  0  0  0]
 [ 0  0  0  0  0  0  0  0]
 [ 0  0  0 -1  1  0  0  0]
 [ 0  0  0  1 -1  0  0  0]
 [ 0  0  0  0  0  0  0  0]
 [ 0  0  0  0  0  0  0  0]
 [ 0  0  0  0  0  0  0  0]]
P1:D3
Time needed 9.461687088012695
1 -> D3
[[ 0  0  0  0  0  0  0  0]
 [ 0  0  0  0  0  0  0  0]
 [ 0  0  0  1  0  0  0  0]
 [ 0  0  0  1  1  0  0  0]
 [ 0  0  0  1 -1  0  0  0]
 [ 0  0  0  0  0  0  0  0]
 [ 0  0  0  0  0  0  0  0]
 [ 0  0  0  0  0  0  0  0]]
PC1 thinking ...
Time needed 1.420375108718872
-1 -> C3
[[ 0  0  0  0  0  0  0  0]
 [ 0  0  0  0  0  0  0  0]
 [ 0  0 -1  1  0  0  0  0]
 [ 0  0  0 -1  1  0  0  0]
 [ 0  0  0  1 -1  0  0  0]
 [ 0  0  0  0  0  0  0  0]
 [ 0  0  0  0  0  0  0  0]
 [ 0  0  0  0  0  0  0  0]]
P1:E6
Time needed 6.884183406829834
1 -> E6
[[ 0  0  0  0  0  0  0  0]
 [ 0  0  0  0  0  0  0  0]
 [ 0  0 -1  1  0  0  0  0]
 [ 0  0  0 -1  1  0  0  0]
 [ 0  0  0  1  1  0  0  0]
 [ 0  0  0  0  1  0  0  0]
 [ 0  0  0  0  0  0  0  0]
 [ 0  0  0  0  0  0  0  0]]
PC1 thinking ...
Time needed 3.4771811962127686
-1 -> E3
[[ 0  0  0  0  0  0  0  0]
 [ 0  0  0  0  0  0  0  0]
 [ 0  0 -1 -1 -1  0  0  0]
 [ 0  0  0 -1  1  0  0  0]
 [ 0  0  0  1  1  0  0  0]
 [ 0  0  0  0  1  0  0  0]
 [ 0  0  0  0  0  0  0  0]
 [ 0  0  0  0  0  0  0  0]]
P1:E2
Time needed 6.807054758071899
1 -> E2
[[ 0  0  0  0  0  0  0  0]
 [ 0  0  0  0  1  0  0  0]
 [ 0  0 -1 -1  1  0  0  0]
 [ 0  0  0 -1  1  0  0  0]
 [ 0  0  0  1  1  0  0  0]
 [ 0  0  0  0  1  0  0  0]
 [ 0  0  0  0  0  0  0  0]
 [ 0  0  0  0  0  0  0  0]]
PC1 thinking ...
Time needed 8.1843581199646
-1 -> F1
[[ 0  0  0  0  0 -1  0  0]
 [ 0  0  0  0 -1  0  0  0]
 [ 0  0 -1 -1  1  0  0  0]
 [ 0  0  0 -1  1  0  0  0]
 [ 0  0  0  1  1  0  0  0]
 [ 0  0  0  0  1  0  0  0]
 [ 0  0  0  0  0  0  0  0]
 [ 0  0  0  0  0  0  0  0]]
P1:B3
Time needed 7.782832384109497
1 -> B3
[[ 0  0  0  0  0 -1  0  0]
 [ 0  0  0  0 -1  0  0  0]
 [ 0  1  1  1  1  0  0  0]
 [ 0  0  0 -1  1  0  0  0]
 [ 0  0  0  1  1  0  0  0]
 [ 0  0  0  0  1  0  0  0]
 [ 0  0  0  0  0  0  0  0]
 [ 0  0  0  0  0  0  0  0]]
PC1 thinking ...
Time needed 12.197863340377808
-1 -> F2
[[ 0  0  0  0  0 -1  0  0]
 [ 0  0  0  0 -1 -1  0  0]
 [ 0  1  1  1 -1  0  0  0]
 [ 0  0  0 -1  1  0  0  0]
 [ 0  0  0  1  1  0  0  0]
 [ 0  0  0  0  1  0  0  0]
 [ 0  0  0  0  0  0  0  0]
 [ 0  0  0  0  0  0  0  0]]
P1:E1
Time needed 17.568443298339844
1 -> E1
[[ 0  0  0  0  1 -1  0  0]
 [ 0  0  0  0  1 -1  0  0]
 [ 0  1  1  1  1  0  0  0]
 [ 0  0  0 -1  1  0  0  0]
 [ 0  0  0  1  1  0  0  0]
 [ 0  0  0  0  1  0  0  0]
 [ 0  0  0  0  0  0  0  0]
 [ 0  0  0  0  0  0  0  0]]
PC1 thinking ...
Time needed 6.044667482376099
-1 -> D1
[[ 0  0  0 -1 -1 -1  0  0]
 [ 0  0  0  0  1 -1  0  0]
 [ 0  1  1  1  1  0  0  0]
 [ 0  0  0 -1  1  0  0  0]
 [ 0  0  0  1  1  0  0  0]
 [ 0  0  0  0  1  0  0  0]
 [ 0  0  0  0  0  0  0  0]
 [ 0  0  0  0  0  0  0  0]]
P1:G2
Time needed 29.05961799621582
1 -> G2
[[ 0  0  0 -1 -1 -1  0  0]
 [ 0  0  0  0  1  1  1  0]
 [ 0  1  1  1  1  0  0  0]
 [ 0  0  0 -1  1  0  0  0]
 [ 0  0  0  1  1  0  0  0]
 [ 0  0  0  0  1  0  0  0]
 [ 0  0  0  0  0  0  0  0]
 [ 0  0  0  0  0  0  0  0]]
PC1 thinking ...
Time needed 17.558358669281006
-1 -> G1
[[ 0  0  0 -1 -1 -1 -1  0]
 [ 0  0  0  0  1 -1  1  0]
 [ 0  1  1  1 -1  0  0  0]
 [ 0  0  0 -1  1  0  0  0]
 [ 0  0  0  1  1  0  0  0]
 [ 0  0  0  0  1  0  0  0]
 [ 0  0  0  0  0  0  0  0]
 [ 0  0  0  0  0  0  0  0]]
P1:F3
Time needed 27.3075852394104
1 -> F3
[[ 0  0  0 -1 -1 -1 -1  0]
 [ 0  0  0  0  1 -1  1  0]
 [ 0  1  1  1  1  1  0  0]
 [ 0  0  0 -1  1  0  0  0]
 [ 0  0  0  1  1  0  0  0]
 [ 0  0  0  0  1  0  0  0]
 [ 0  0  0  0  0  0  0  0]
 [ 0  0  0  0  0  0  0  0]]
PC1 thinking ...
Time needed 16.282286405563354
-1 -> E7
[[ 0  0  0 -1 -1 -1 -1  0]
 [ 0  0  0  0 -1 -1  1  0]
 [ 0  1  1  1 -1  1  0  0]
 [ 0  0  0 -1 -1  0  0  0]
 [ 0  0  0  1 -1  0  0  0]
 [ 0  0  0  0 -1  0  0  0]
 [ 0  0  0  0 -1  0  0  0]
 [ 0  0  0  0  0  0  0  0]]
P1:F5
Time needed 14.119880676269531
1 -> F5
[[ 0  0  0 -1 -1 -1 -1  0]
 [ 0  0  0  0 -1 -1  1  0]
 [ 0  1  1  1 -1  1  0  0]
 [ 0  0  0 -1  1  0  0  0]
 [ 0  0  0  1  1  1  0  0]
 [ 0  0  0  0 -1  0  0  0]
 [ 0  0  0  0 -1  0  0  0]
 [ 0  0  0  0  0  0  0  0]]
PC1 thinking ...
Time needed 25.22952103614807
-1 -> A3
[[ 0  0  0 -1 -1 -1 -1  0]
 [ 0  0  0  0 -1 -1  1  0]
 [-1 -1 -1 -1 -1  1  0  0]
 [ 0  0  0 -1  1  0  0  0]
 [ 0  0  0  1  1  1  0  0]
 [ 0  0  0  0 -1  0  0  0]
 [ 0  0  0  0 -1  0  0  0]
 [ 0  0  0  0  0  0  0  0]]
P1:B2
Time needed 23.031026363372803
1 -> B2
[[ 0  0  0 -1 -1 -1 -1  0]
 [ 0  1  0  0 -1 -1  1  0]
 [-1 -1  1 -1 -1  1  0  0]
 [ 0  0  0  1  1  0  0  0]
 [ 0  0  0  1  1  1  0  0]
 [ 0  0  0  0 -1  0  0  0]
 [ 0  0  0  0 -1  0  0  0]
 [ 0  0  0  0  0  0  0  0]]
PC1 thinking ...
Time needed 42.282570123672485
-1 -> G4
[[ 0  0  0 -1 -1 -1 -1  0]
 [ 0  1  0  0 -1 -1  1  0]
 [-1 -1  1 -1 -1 -1  0  0]
 [ 0  0  0  1  1  0 -1  0]
 [ 0  0  0  1  1 -1  0  0]
 [ 0  0  0  0 -1  0  0  0]
 [ 0  0  0  0 -1  0  0  0]
 [ 0  0  0  0  0  0  0  0]]
P1:E8
Time needed 66.68068552017212
1 -> E8
[[ 0  0  0 -1 -1 -1 -1  0]
 [ 0  1  0  0 -1 -1  1  0]
 [-1 -1  1 -1 -1 -1  0  0]
 [ 0  0  0  1  1  0 -1  0]
 [ 0  0  0  1  1 -1  0  0]
 [ 0  0  0  0  1  0  0  0]
 [ 0  0  0  0  1  0  0  0]
 [ 0  0  0  0  1  0  0  0]]
PC1 thinking ...
Time needed 28.965237617492676
-1 -> C5
[[ 0  0  0 -1 -1 -1 -1  0]
 [ 0  1  0  0 -1 -1  1  0]
 [-1 -1  1 -1 -1 -1  0  0]
 [ 0  0  0 -1  1  0 -1  0]
 [ 0  0 -1 -1 -1 -1  0  0]
 [ 0  0  0  0  1  0  0  0]
 [ 0  0  0  0  1  0  0  0]
 [ 0  0  0  0  1  0  0  0]]
P1:F6
Time needed 74.33123850822449
1 -> F6
[[ 0  0  0 -1 -1 -1 -1  0]
 [ 0  1  0  0 -1 -1  1  0]
 [-1 -1  1 -1 -1 -1  0  0]
 [ 0  0  0  1  1  0 -1  0]
 [ 0  0 -1 -1  1 -1  0  0]
 [ 0  0  0  0  1  1  0  0]
 [ 0  0  0  0  1  0  0  0]
 [ 0  0  0  0  1  0  0  0]]
PC1 thinking ...
Time needed 34.450571060180664
-1 -> H1
[[ 0  0  0 -1 -1 -1 -1 -1]
 [ 0  1  0  0 -1 -1 -1  0]
 [-1 -1  1 -1 -1 -1  0  0]
 [ 0  0  0  1  1  0 -1  0]
 [ 0  0 -1 -1  1 -1  0  0]
 [ 0  0  0  0  1  1  0  0]
 [ 0  0  0  0  1  0  0  0]
 [ 0  0  0  0  1  0  0  0]]
P1:B4
Time needed 35.52694010734558
1 -> B4
[[ 0  0  0 -1 -1 -1 -1 -1]
 [ 0  1  0  0 -1 -1 -1  0]
 [-1  1  1 -1 -1 -1  0  0]
 [ 0  1  0  1  1  0 -1  0]
 [ 0  0 -1 -1  1 -1  0  0]
 [ 0  0  0  0  1  1  0  0]
 [ 0  0  0  0  1  0  0  0]
 [ 0  0  0  0  1  0  0  0]]
PC1 thinking ...
Time needed 14.842315912246704
-1 -> F7
[[ 0  0  0 -1 -1 -1 -1 -1]
 [ 0  1  0  0 -1 -1 -1  0]
 [-1  1  1 -1 -1 -1  0  0]
 [ 0  1  0  1  1  0 -1  0]
 [ 0  0 -1 -1  1 -1  0  0]
 [ 0  0  0  0 -1 -1  0  0]
 [ 0  0  0  0  1 -1  0  0]
 [ 0  0  0  0  1  0  0  0]]
P1:G6
Time needed 18.79252576828003
1 -> G6
[[ 0  0  0 -1 -1 -1 -1 -1]
 [ 0  1  0  0 -1 -1 -1  0]
 [-1  1  1 -1 -1 -1  0  0]
 [ 0  1  0  1  1  0 -1  0]
 [ 0  0 -1 -1  1  1  0  0]
 [ 0  0  0  0 -1 -1  1  0]
 [ 0  0  0  0  1  1  0  0]
 [ 0  0  0  0  1  0  0  0]]
PC1 thinking ...
Time needed 70.62469625473022
-1 -> A1
[[-1  0  0 -1 -1 -1 -1 -1]
 [ 0 -1  0  0 -1 -1 -1  0]
 [-1  1 -1 -1 -1 -1  0  0]
 [ 0  1  0 -1  1  0 -1  0]
 [ 0  0 -1 -1 -1  1  0  0]
 [ 0  0  0  0 -1 -1  1  0]
 [ 0  0  0  0  1  1  0  0]
 [ 0  0  0  0  1  0  0  0]]
P1:B1
Time needed 38.96429181098938
1 -> B1
[[-1  1  0 -1 -1 -1 -1 -1]
 [ 0  1  0  0 -1 -1 -1  0]
 [-1  1 -1 -1 -1 -1  0  0]
 [ 0  1  0 -1  1  0 -1  0]
 [ 0  0 -1 -1 -1  1  0  0]
 [ 0  0  0  0 -1 -1  1  0]
 [ 0  0  0  0  1  1  0  0]
 [ 0  0  0  0  1  0  0  0]]
PC1 thinking ...
Time needed 43.516048431396484
-1 -> C1
[[-1 -1 -1 -1 -1 -1 -1 -1]
 [ 0 -1  0  0 -1 -1 -1  0]
 [-1  1 -1 -1 -1 -1  0  0]
 [ 0  1  0 -1  1  0 -1  0]
 [ 0  0 -1 -1 -1  1  0  0]
 [ 0  0  0  0 -1 -1  1  0]
 [ 0  0  0  0  1  1  0  0]
 [ 0  0  0  0  1  0  0  0]]
P1:H3
Time needed 76.6515645980835
1 -> H3
[[-1 -1 -1 -1 -1 -1 -1 -1]
 [ 0 -1  0  0 -1 -1 -1  0]
 [-1  1 -1 -1 -1 -1  0  1]
 [ 0  1  0 -1  1  0  1  0]
 [ 0  0 -1 -1 -1  1  0  0]
 [ 0  0  0  0 -1 -1  1  0]
 [ 0  0  0  0  1  1  0  0]
 [ 0  0  0  0  1  0  0  0]]
PC1 thinking ...
Time needed 48.0373010635376
-1 -> B5
[[-1 -1 -1 -1 -1 -1 -1 -1]
 [ 0 -1  0  0 -1 -1 -1  0]
 [-1 -1 -1 -1 -1 -1  0  1]
 [ 0 -1  0 -1  1  0  1  0]
 [ 0 -1 -1 -1 -1  1  0  0]
 [ 0  0  0  0 -1 -1  1  0]
 [ 0  0  0  0  1  1  0  0]
 [ 0  0  0  0  1  0  0  0]]
P1:C4
Time needed 16.07609248161316
1 -> C4
[[-1 -1 -1 -1 -1 -1 -1 -1]
 [ 0 -1  0  0 -1 -1 -1  0]
 [-1 -1 -1 -1 -1 -1  0  1]
 [ 0 -1  1  1  1  0  1  0]
 [ 0 -1 -1  1 -1  1  0  0]
 [ 0  0  0  0  1 -1  1  0]
 [ 0  0  0  0  1  1  0  0]
 [ 0  0  0  0  1  0  0  0]]
PC1 thinking ...
Time needed 31.99514079093933
-1 -> H7
[[-1 -1 -1 -1 -1 -1 -1 -1]
 [ 0 -1  0  0 -1 -1 -1  0]
 [-1 -1 -1 -1 -1 -1  0  1]
 [ 0 -1  1  1 -1  0  1  0]
 [ 0 -1 -1  1 -1 -1  0  0]
 [ 0  0  0  0  1 -1 -1  0]
 [ 0  0  0  0  1  1  0 -1]
 [ 0  0  0  0  1  0  0  0]]
P1:A2
Time needed 20.830343008041382
1 -> A2
[[-1 -1 -1 -1 -1 -1 -1 -1]
 [ 1 -1  0  0 -1 -1 -1  0]
 [-1  1 -1 -1 -1 -1  0  1]
 [ 0 -1  1  1 -1  0  1  0]
 [ 0 -1 -1  1 -1 -1  0  0]
 [ 0  0  0  0  1 -1 -1  0]
 [ 0  0  0  0  1  1  0 -1]
 [ 0  0  0  0  1  0  0  0]]
PC1 thinking ...
Time needed 27.439255952835083
-1 -> D6
[[-1 -1 -1 -1 -1 -1 -1 -1]
 [ 1 -1  0  0 -1 -1 -1  0]
 [-1  1 -1 -1 -1 -1  0  1]
 [ 0 -1  1 -1 -1  0  1  0]
 [ 0 -1 -1 -1 -1 -1  0  0]
 [ 0  0  0 -1 -1 -1 -1  0]
 [ 0  0  0  0  1  1  0 -1]
 [ 0  0  0  0  1  0  0  0]]
P1:D7
Time needed 23.55317974090576
1 -> D7
[[-1 -1 -1 -1 -1 -1 -1 -1]
 [ 1 -1  0  0 -1 -1 -1  0]
 [-1  1 -1 -1 -1 -1  0  1]
 [ 0 -1  1 -1 -1  0  1  0]
 [ 0 -1 -1 -1 -1  1  0  0]
 [ 0  0  0 -1  1 -1 -1  0]
 [ 0  0  0  1  1  1  0 -1]
 [ 0  0  0  0  1  0  0  0]]
PC1 thinking ...
Time needed 33.61810874938965
-1 -> D8
[[-1 -1 -1 -1 -1 -1 -1 -1]
 [ 1 -1  0  0 -1 -1 -1  0]
 [-1  1 -1 -1 -1 -1  0  1]
 [ 0 -1  1 -1 -1  0  1  0]
 [ 0 -1 -1 -1 -1  1  0  0]
 [ 0  0  0 -1  1 -1 -1  0]
 [ 0  0  0 -1 -1  1  0 -1]
 [ 0  0  0 -1  1  0  0  0]]
P1:H5
Time needed 25.61975336074829
1 -> H5
[[-1 -1 -1 -1 -1 -1 -1 -1]
 [ 1 -1  0  0 -1 -1 -1  0]
 [-1  1 -1 -1 -1 -1  0  1]
 [ 0 -1  1 -1 -1  0  1  0]
 [ 0 -1 -1 -1 -1  1  0  1]
 [ 0  0  0 -1  1 -1  1  0]
 [ 0  0  0 -1 -1  1  0 -1]
 [ 0  0  0 -1  1  0  0  0]]
PC1 thinking ...
Time needed 19.372570037841797
-1 -> F8
[[-1 -1 -1 -1 -1 -1 -1 -1]
 [ 1 -1  0  0 -1 -1 -1  0]
 [-1  1 -1 -1 -1 -1  0  1]
 [ 0 -1  1 -1 -1  0  1  0]
 [ 0 -1 -1 -1 -1  1  0  1]
 [ 0  0  0 -1  1 -1  1  0]
 [ 0  0  0 -1 -1 -1  0 -1]
 [ 0  0  0 -1 -1 -1  0  0]]
P1:C8
Time needed 73.99122428894043
1 -> C8
[[-1 -1 -1 -1 -1 -1 -1 -1]
 [ 1 -1  0  0 -1 -1 -1  0]
 [-1  1 -1 -1 -1 -1  0  1]
 [ 0 -1  1 -1 -1  0  1  0]
 [ 0 -1 -1 -1 -1  1  0  1]
 [ 0  0  0 -1  1 -1  1  0]
 [ 0  0  0  1 -1 -1  0 -1]
 [ 0  0  1 -1 -1 -1  0  0]]
PC1 thinking ...
Time needed 22.446069478988647
-1 -> B8
[[-1 -1 -1 -1 -1 -1 -1 -1]
 [ 1 -1  0  0 -1 -1 -1  0]
 [-1  1 -1 -1 -1 -1  0  1]
 [ 0 -1  1 -1 -1  0  1  0]
 [ 0 -1 -1 -1 -1  1  0  1]
 [ 0  0  0 -1  1 -1  1  0]
 [ 0  0  0  1 -1 -1  0 -1]
 [ 0 -1 -1 -1 -1 -1  0  0]]
P1:F4
Time needed 33.79191517829895
1 -> F4
[[-1 -1 -1 -1 -1 -1 -1 -1]
 [ 1 -1  0  0 -1 -1 -1  0]
 [-1  1 -1 -1 -1 -1  0  1]
 [ 0 -1  1  1  1  1  1  0]
 [ 0 -1 -1 -1 -1  1  0  1]
 [ 0  0  0 -1  1 -1  1  0]
 [ 0  0  0  1 -1 -1  0 -1]
 [ 0 -1 -1 -1 -1 -1  0  0]]
PC1 thinking ...
Time needed 18.695402145385742
-1 -> H4
[[-1 -1 -1 -1 -1 -1 -1 -1]
 [ 1 -1  0  0 -1 -1 -1  0]
 [-1  1 -1 -1 -1 -1  0  1]
 [ 0 -1 -1 -1 -1 -1 -1 -1]
 [ 0 -1 -1 -1 -1  1  0  1]
 [ 0  0  0 -1  1 -1  1  0]
 [ 0  0  0  1 -1 -1  0 -1]
 [ 0 -1 -1 -1 -1 -1  0  0]]
P1:A4
Time needed 12.768895149230957
1 -> A4
[[-1 -1 -1 -1 -1 -1 -1 -1]
 [ 1 -1  0  0 -1 -1 -1  0]
 [ 1  1 -1 -1 -1 -1  0  1]
 [ 1 -1 -1 -1 -1 -1 -1 -1]
 [ 0 -1 -1 -1 -1  1  0  1]
 [ 0  0  0 -1  1 -1  1  0]
 [ 0  0  0  1 -1 -1  0 -1]
 [ 0 -1 -1 -1 -1 -1  0  0]]
PC1 thinking ...
Time needed 9.072120666503906
-1 -> A5
[[-1 -1 -1 -1 -1 -1 -1 -1]
 [-1 -1  0  0 -1 -1 -1  0]
 [-1  1 -1 -1 -1 -1  0  1]
 [-1 -1 -1 -1 -1 -1 -1 -1]
 [-1 -1 -1 -1 -1  1  0  1]
 [ 0  0  0 -1  1 -1  1  0]
 [ 0  0  0  1 -1 -1  0 -1]
 [ 0 -1 -1 -1 -1 -1  0  0]]
P1:G3
Time needed 50.48080134391785
1 -> G3
[[-1 -1 -1 -1 -1 -1 -1 -1]
 [-1 -1  0  0 -1 -1 -1  0]
 [-1  1  1  1  1  1  1  1]
 [-1 -1 -1 -1 -1 -1 -1 -1]
 [-1 -1 -1 -1 -1  1  0  1]
 [ 0  0  0 -1  1 -1  1  0]
 [ 0  0  0  1 -1 -1  0 -1]
 [ 0 -1 -1 -1 -1 -1  0  0]]
PC1 thinking ...
Time needed 9.998400688171387
-1 -> C2
[[-1 -1 -1 -1 -1 -1 -1 -1]
 [-1 -1 -1  0 -1 -1 -1  0]
 [-1 -1 -1 -1  1  1  1  1]
 [-1 -1 -1 -1 -1 -1 -1 -1]
 [-1 -1 -1 -1 -1  1  0  1]
 [ 0  0  0 -1  1 -1  1  0]
 [ 0  0  0  1 -1 -1  0 -1]
 [ 0 -1 -1 -1 -1 -1  0  0]]
P1:C7
Time needed 18.316062211990356
1 -> C7
[[-1 -1 -1 -1 -1 -1 -1 -1]
 [-1 -1 -1  0 -1 -1 -1  0]
 [-1 -1 -1 -1  1  1  1  1]
 [-1 -1 -1 -1 -1  1 -1 -1]
 [-1 -1 -1 -1  1  1  0  1]
 [ 0  0  0  1  1 -1  1  0]
 [ 0  0  1  1 -1 -1  0 -1]
 [ 0 -1 -1 -1 -1 -1  0  0]]
PC1 thinking ...
Time needed 4.4087889194488525
-1 -> H2
[[-1 -1 -1 -1 -1 -1 -1 -1]
 [-1 -1 -1  0 -1 -1 -1 -1]
 [-1 -1 -1 -1  1  1 -1 -1]
 [-1 -1 -1 -1 -1 -1 -1 -1]
 [-1 -1 -1 -1 -1  1  0  1]
 [ 0  0  0 -1  1 -1  1  0]
 [ 0  0 -1  1 -1 -1  0 -1]
 [ 0 -1 -1 -1 -1 -1  0  0]]