1
[[ 0  0  0  0  0  0  0  0]
 [ 0  0  0  0  0  0  0  0]
 [ 0  0  0  0  0  0  0  0]
 [ 0  0  0 -1  1  0  0  0]
 [ 0  0  0  1 -1  0  0  0]
 [ 0  0  0  0  0  0  0  0]
 [ 0  0  0  0  0  0  0  0]
 [ 0  0  0  0  0  0  0  0]]
PC2
D3
[[ 0  0  0  0  0  0  0  0]
 [ 0  0  0  0  0  0  0  0]
 [ 0  0  0  1  0  0  0  0]
 [ 0  0  0  1  1  0  0  0]
 [ 0  0  0  1 -1  0  0  0]
 [ 0  0  0  0  0  0  0  0]
 [ 0  0  0  0  0  0  0  0]
 [ 0  0  0  0  0  0  0  0]]
PC1
C5
[[ 0  0  0  0  0  0  0  0]
 [ 0  0  0  0  0  0  0  0]
 [ 0  0  0  1  0  0  0  0]
 [ 0  0  0  1  1  0  0  0]
 [ 0  0 -1 -1 -1  0  0  0]
 [ 0  0  0  0  0  0  0  0]
 [ 0  0  0  0  0  0  0  0]
 [ 0  0  0  0  0  0  0  0]]
PC2
E6
[[ 0  0  0  0  0  0  0  0]
 [ 0  0  0  0  0  0  0  0]
 [ 0  0  0  1  0  0  0  0]
 [ 0  0  0  1  1  0  0  0]
 [ 0  0 -1 -1  1  0  0  0]
 [ 0  0  0  0  1  0  0  0]
 [ 0  0  0  0  0  0  0  0]
 [ 0  0  0  0  0  0  0  0]]
PC1
E3
[[ 0  0  0  0  0  0  0  0]
 [ 0  0  0  0  0  0  0  0]
 [ 0  0  0  1 -1  0  0  0]
 [ 0  0  0 -1  1  0  0  0]
 [ 0  0 -1 -1  1  0  0  0]
 [ 0  0  0  0  1  0  0  0]
 [ 0  0  0  0  0  0  0  0]
 [ 0  0  0  0  0  0  0  0]]
PC2
F3
[[ 0  0  0  0  0  0  0  0]
 [ 0  0  0  0  0  0  0  0]
 [ 0  0  0  1  1  1  0  0]
 [ 0  0  0 -1  1  0  0  0]
 [ 0  0 -1 -1  1  0  0  0]
 [ 0  0  0  0  1  0  0  0]
 [ 0  0  0  0  0  0  0  0]
 [ 0  0  0  0  0  0  0  0]]
PC1
G2
[[ 0  0  0  0  0  0  0  0]
 [ 0  0  0  0  0  0 -1  0]
 [ 0  0  0  1  1 -1  0  0]
 [ 0  0  0 -1 -1  0  0  0]
 [ 0  0 -1 -1  1  0  0  0]
 [ 0  0  0  0  1  0  0  0]
 [ 0  0  0  0  0  0  0  0]
 [ 0  0  0  0  0  0  0  0]]
PC2
B5
[[ 0  0  0  0  0  0  0  0]
 [ 0  0  0  0  0  0 -1  0]
 [ 0  0  0  1  1 -1  0  0]
 [ 0  0  0 -1 -1  0  0  0]
 [ 0  1  1  1  1  0  0  0]
 [ 0  0  0  0  1  0  0  0]
 [ 0  0  0  0  0  0  0  0]
 [ 0  0  0  0  0  0  0  0]]
PC1
F6
[[ 0  0  0  0  0  0  0  0]
 [ 0  0  0  0  0  0 -1  0]
 [ 0  0  0  1  1 -1  0  0]
 [ 0  0  0 -1 -1  0  0  0]
 [ 0  1  1  1 -1  0  0  0]
 [ 0  0  0  0  1 -1  0  0]
 [ 0  0  0  0  0  0  0  0]
 [ 0  0  0  0  0  0  0  0]]
PC2
H1
[[ 0  0  0  0  0  0  0  1]
 [ 0  0  0  0  0  0  1  0]
 [ 0  0  0  1  1  1  0  0]
 [ 0  0  0 -1  1  0  0  0]
 [ 0  1  1  1 -1  0  0  0]
 [ 0  0  0  0  1 -1  0  0]
 [ 0  0  0  0  0  0  0  0]
 [ 0  0  0  0  0  0  0  0]]
PC1
A5
[[ 0  0  0  0  0  0  0  1]
 [ 0  0  0  0  0  0  1  0]
 [ 0  0  0  1  1  1  0  0]
 [ 0  0  0 -1  1  0  0  0]
 [-1 -1 -1 -1 -1  0  0  0]
 [ 0  0  0  0  1 -1  0  0]
 [ 0  0  0  0  0  0  0  0]
 [ 0  0  0  0  0  0  0  0]]
PC2
B6
[[ 0  0  0  0  0  0  0  1]
 [ 0  0  0  0  0  0  1  0]
 [ 0  0  0  1  1  1  0  0]
 [ 0  0  0  1  1  0  0  0]
 [-1 -1  1 -1 -1  0  0  0]
 [ 0  1  0  0  1 -1  0  0]
 [ 0  0  0  0  0  0  0  0]
 [ 0  0  0  0  0  0  0  0]]
PC1
D2
[[ 0  0  0  0  0  0  0  1]
 [ 0  0  0 -1  0  0  1  0]
 [ 0  0  0 -1  1  1  0  0]
 [ 0  0  0 -1  1  0  0  0]
 [-1 -1  1 -1 -1  0  0  0]
 [ 0  1  0  0  1 -1  0  0]
 [ 0  0  0  0  0  0  0  0]
 [ 0  0  0  0  0  0  0  0]]
PC2
C4
[[ 0  0  0  0  0  0  0  1]
 [ 0  0  0 -1  0  0  1  0]
 [ 0  0  0 -1  1  1  0  0]
 [ 0  0  1  1  1  0  0  0]
 [-1 -1  1  1 -1  0  0  0]
 [ 0  1  0  0  1 -1  0  0]
 [ 0  0  0  0  0  0  0  0]
 [ 0  0  0  0  0  0  0  0]]
PC1
G3
[[ 0  0  0  0  0  0  0  1]
 [ 0  0  0 -1  0  0  1  0]
 [ 0  0  0 -1 -1 -1 -1  0]
 [ 0  0  1  1  1  0  0  0]
 [-1 -1  1  1 -1  0  0  0]
 [ 0  1  0  0  1 -1  0  0]
 [ 0  0  0  0  0  0  0  0]
 [ 0  0  0  0  0  0  0  0]]
PC2
E2
[[ 0  0  0  0  0  0  0  1]
 [ 0  0  0 -1  1  0  1  0]
 [ 0  0  0  1  1 -1 -1  0]
 [ 0  0  1  1  1  0  0  0]
 [-1 -1  1  1 -1  0  0  0]
 [ 0  1  0  0  1 -1  0  0]
 [ 0  0  0  0  0  0  0  0]
 [ 0  0  0  0  0  0  0  0]]
PC1
D6
[[ 0  0  0  0  0  0  0  1]
 [ 0  0  0 -1  1  0  1  0]
 [ 0  0  0 -1  1 -1 -1  0]
 [ 0  0  1 -1  1  0  0  0]
 [-1 -1  1 -1 -1  0  0  0]
 [ 0  1  0 -1 -1 -1  0  0]
 [ 0  0  0  0  0  0  0  0]
 [ 0  0  0  0  0  0  0  0]]
PC2
E7
[[ 0  0  0  0  0  0  0  1]
 [ 0  0  0 -1  1  0  1  0]
 [ 0  0  0 -1  1 -1 -1  0]
 [ 0  0  1 -1  1  0  0  0]
 [-1 -1  1 -1  1  0  0  0]
 [ 0  1  0  1  1 -1  0  0]
 [ 0  0  0  0  1  0  0  0]
 [ 0  0  0  0  0  0  0  0]]
PC1
D1
[[ 0  0  0 -1  0  0  0  1]
 [ 0  0  0 -1 -1  0  1  0]
 [ 0  0  0 -1  1 -1 -1  0]
 [ 0  0  1 -1  1  0  0  0]
 [-1 -1  1 -1  1  0  0  0]
 [ 0  1  0  1  1 -1  0  0]
 [ 0  0  0  0  1  0  0  0]
 [ 0  0  0  0  0  0  0  0]]
PC2
C1
[[ 0  0  1 -1  0  0  0  1]
 [ 0  0  0  1 -1  0  1  0]
 [ 0  0  0 -1  1 -1 -1  0]
 [ 0  0  1 -1  1  0  0  0]
 [-1 -1  1 -1  1  0  0  0]
 [ 0  1  0  1  1 -1  0  0]
 [ 0  0  0  0  1  0  0  0]
 [ 0  0  0  0  0  0  0  0]]
PC1
E8
[[ 0  0  1 -1  0  0  0  1]
 [ 0  0  0  1 -1  0  1  0]
 [ 0  0  0 -1 -1 -1 -1  0]
 [ 0  0  1 -1 -1  0  0  0]
 [-1 -1  1 -1 -1  0  0  0]
 [ 0  1  0  1 -1 -1  0  0]
 [ 0  0  0  0 -1  0  0  0]
 [ 0  0  0  0 -1  0  0  0]]
PC2
F8
[[ 0  0  1 -1  0  0  0  1]
 [ 0  0  0  1 -1  0  1  0]
 [ 0  0  0 -1 -1 -1 -1  0]
 [ 0  0  1 -1 -1  0  0  0]
 [-1 -1  1 -1 -1  0  0  0]
 [ 0  1  0  1 -1 -1  0  0]
 [ 0  0  0  0  1  0  0  0]
 [ 0  0  0  0 -1  1  0  0]]
PC1
B1
[[ 0 -1 -1 -1  0  0  0  1]
 [ 0  0  0  1 -1  0  1  0]
 [ 0  0  0 -1 -1 -1 -1  0]
 [ 0  0  1 -1 -1  0  0  0]
 [-1 -1  1 -1 -1  0  0  0]
 [ 0  1  0  1 -1 -1  0  0]
 [ 0  0  0  0  1  0  0  0]
 [ 0  0  0  0 -1  1  0  0]]
PC2
E1
[[ 0 -1 -1 -1  1  0  0  1]
 [ 0  0  0  1  1  0  1  0]
 [ 0  0  0 -1  1 -1 -1  0]
 [ 0  0  1 -1  1  0  0  0]
 [-1 -1  1 -1  1  0  0  0]
 [ 0  1  0  1  1 -1  0  0]
 [ 0  0  0  0  1  0  0  0]
 [ 0  0  0  0 -1  1  0  0]]
PC1
F1
[[ 0 -1 -1 -1 -1 -1  0  1]
 [ 0  0  0  1 -1  0  1  0]
 [ 0  0  0 -1  1 -1 -1  0]
 [ 0  0  1 -1  1  0  0  0]
 [-1 -1  1 -1  1  0  0  0]
 [ 0  1  0  1  1 -1  0  0]
 [ 0  0  0  0  1  0  0  0]
 [ 0  0  0  0 -1  1  0  0]]
PC2
D8
[[ 0 -1 -1 -1 -1 -1  0  1]
 [ 0  0  0  1 -1  0  1  0]
 [ 0  0  0 -1  1 -1 -1  0]
 [ 0  0  1 -1  1  0  0  0]
 [-1 -1  1 -1  1  0  0  0]
 [ 0  1  0  1  1 -1  0  0]
 [ 0  0  0  0  1  0  0  0]
 [ 0  0  0  1  1  1  0  0]]
PC1
H3
[[ 0 -1 -1 -1 -1 -1  0  1]
 [ 0  0  0  1 -1  0 -1  0]
 [ 0  0  0 -1  1 -1 -1 -1]
 [ 0  0  1 -1  1  0  0  0]
 [-1 -1  1 -1  1  0  0  0]
 [ 0  1  0  1  1 -1  0  0]
 [ 0  0  0  0  1  0  0  0]
 [ 0  0  0  1  1  1  0  0]]
PC2
F2
[[ 0 -1 -1 -1 -1 -1  0  1]
 [ 0  0  0  1  1  1 -1  0]
 [ 0  0  0 -1  1 -1 -1 -1]
 [ 0  0  1 -1  1  0  0  0]
 [-1 -1  1 -1  1  0  0  0]
 [ 0  1  0  1  1 -1  0  0]
 [ 0  0  0  0  1  0  0  0]
 [ 0  0  0  1  1  1  0  0]]
PC1
C6
[[ 0 -1 -1 -1 -1 -1  0  1]
 [ 0  0  0  1  1  1 -1  0]
 [ 0  0  0 -1  1 -1 -1 -1]
 [ 0  0  1 -1  1  0  0  0]
 [-1 -1  1 -1  1  0  0  0]
 [ 0  1 -1 -1 -1 -1  0  0]
 [ 0  0  0  0  1  0  0  0]
 [ 0  0  0  1  1  1  0  0]]
PC2
H2
[[ 0 -1 -1 -1 -1 -1  0  1]
 [ 0  0  0  1  1  1  1  1]
 [ 0  0  0 -1  1 -1 -1 -1]
 [ 0  0  1 -1  1  0  0  0]
 [-1 -1  1 -1  1  0  0  0]
 [ 0  1 -1 -1 -1 -1  0  0]
 [ 0  0  0  0  1  0  0  0]
 [ 0  0  0  1  1  1  0  0]]
PC1
F4
[[ 0 -1 -1 -1 -1 -1  0  1]
 [ 0  0  0 -1  1  1  1  1]
 [ 0  0  0 -1 -1 -1 -1 -1]
 [ 0  0  1 -1 -1 -1  0  0]
 [-1 -1  1 -1 -1  0  0  0]
 [ 0  1 -1 -1 -1 -1  0  0]
 [ 0  0  0  0  1  0  0  0]
 [ 0  0  0  1  1  1  0  0]]
PC2
H4
[[ 0 -1 -1 -1 -1 -1  0  1]
 [ 0  0  0 -1  1  1  1  1]
 [ 0  0  0 -1 -1 -1  1  1]
 [ 0  0  1 -1 -1 -1  0  1]
 [-1 -1  1 -1 -1  0  0  0]
 [ 0  1 -1 -1 -1 -1  0  0]
 [ 0  0  0  0  1  0  0  0]
 [ 0  0  0  1  1  1  0  0]]
PC1
A6
[[ 0 -1 -1 -1 -1 -1  0  1]
 [ 0  0  0 -1  1  1  1  1]
 [ 0  0  0 -1 -1 -1  1  1]
 [ 0  0  1 -1 -1 -1  0  1]
 [-1 -1  1 -1 -1  0  0  0]
 [-1 -1 -1 -1 -1 -1  0  0]
 [ 0  0  0  0  1  0  0  0]
 [ 0  0  0  1  1  1  0  0]]
PC2
F7
[[ 0 -1 -1 -1 -1 -1  0  1]
 [ 0  0  0 -1  1  1  1  1]
 [ 0  0  0 -1 -1 -1  1  1]
 [ 0  0  1 -1 -1 -1  0  1]
 [-1 -1  1  1 -1  0  0  0]
 [-1 -1 -1 -1  1 -1  0  0]
 [ 0  0  0  0  1  1  0  0]
 [ 0  0  0  1  1  1  0  0]]
PC1
C3
[[ 0 -1 -1 -1 -1 -1  0  1]
 [ 0  0  0 -1  1  1  1  1]
 [ 0  0 -1 -1 -1 -1  1  1]
 [ 0  0 -1 -1 -1 -1  0  1]
 [-1 -1 -1  1 -1  0  0  0]
 [-1 -1 -1 -1  1 -1  0  0]
 [ 0  0  0  0  1  1  0  0]
 [ 0  0  0  1  1  1  0  0]]
PC2
A7
[[ 0 -1 -1 -1 -1 -1  0  1]
 [ 0  0  0 -1  1  1  1  1]
 [ 0  0 -1 -1  1 -1  1  1]
 [ 0  0 -1  1 -1 -1  0  1]
 [-1 -1  1  1 -1  0  0  0]
 [-1  1 -1 -1  1 -1  0  0]
 [ 1  0  0  0  1  1  0  0]
 [ 0  0  0  1  1  1  0  0]]
PC1
A8
[[ 0 -1 -1 -1 -1 -1  0  1]
 [ 0  0  0 -1  1  1  1  1]
 [ 0  0 -1 -1  1 -1  1  1]
 [ 0  0 -1  1 -1 -1  0  1]
 [-1 -1  1  1 -1  0  0  0]
 [-1  1 -1 -1  1 -1  0  0]
 [-1  0  0  0  1  1  0  0]
 [-1  0  0  1  1  1  0  0]]
PC2
C2
[[ 0 -1 -1 -1 -1 -1  0  1]
 [ 0  0  1  1  1  1  1  1]
 [ 0  0  1 -1  1 -1  1  1]
 [ 0  0  1  1 -1 -1  0  1]
 [-1 -1  1  1 -1  0  0  0]
 [-1  1 -1 -1  1 -1  0  0]
 [-1  0  0  0  1  1  0  0]
 [-1  0  0  1  1  1  0  0]]
PC1
B3
[[ 0 -1 -1 -1 -1 -1  0  1]
 [ 0  0 -1  1  1  1  1  1]
 [ 0 -1 -1 -1  1 -1  1  1]
 [ 0  0  1  1 -1 -1  0  1]
 [-1 -1  1  1 -1  0  0  0]
 [-1  1 -1 -1  1 -1  0  0]
 [-1  0  0  0  1  1  0  0]
 [-1  0  0  1  1  1  0  0]]
PC2
A3
[[ 0 -1 -1 -1 -1 -1  0  1]
 [ 0  0 -1  1  1  1  1  1]
 [ 1  1  1  1  1 -1  1  1]
 [ 0  0  1  1 -1 -1  0  1]
 [-1 -1  1  1 -1  0  0  0]
 [-1  1 -1 -1  1 -1  0  0]
 [-1  0  0  0  1  1  0  0]
 [-1  0  0  1  1  1  0  0]]
PC1
B4
[[ 0 -1 -1 -1 -1 -1  0  1]
 [ 0  0 -1 -1  1  1  1  1]
 [ 1  1 -1  1  1 -1  1  1]
 [ 0 -1 -1 -1 -1 -1  0  1]
 [-1 -1 -1  1 -1  0  0  0]
 [-1  1 -1 -1  1 -1  0  0]
 [-1  0  0  0  1  1  0  0]
 [-1  0  0  1  1  1  0  0]]
PC2
F5
[[ 0 -1 -1 -1 -1 -1  0  1]
 [ 0  0 -1 -1  1  1  1  1]
 [ 1  1 -1  1  1  1  1  1]
 [ 0 -1 -1 -1  1  1  0  1]
 [-1 -1 -1  1  1  1  0  0]
 [-1  1 -1 -1  1  1  0  0]
 [-1  0  0  0  1  1  0  0]
 [-1  0  0  1  1  1  0  0]]
PC1
G8
[[ 0 -1 -1 -1 -1 -1  0  1]
 [ 0  0 -1 -1  1  1  1  1]
 [ 1  1 -1  1  1  1  1  1]
 [ 0 -1 -1 -1  1  1  0  1]
 [-1 -1 -1 -1  1  1  0  0]
 [-1  1 -1 -1 -1  1  0  0]
 [-1  0  0  0  1 -1  0  0]
 [-1  0  0  1  1  1 -1  0]]
PC2
H8
[[ 0 -1 -1 -1 -1 -1  0  1]
 [ 0  0 -1 -1  1  1  1  1]
 [ 1  1 -1  1  1  1  1  1]
 [ 0 -1 -1 -1  1  1  0  1]
 [-1 -1 -1 -1  1  1  0  0]
 [-1  1 -1 -1 -1  1  0  0]
 [-1  0  0  0  1 -1  0  0]
 [-1  0  0  1  1  1  1  1]]
PC1
G6
[[ 0 -1 -1 -1 -1 -1  0  1]
 [ 0  0 -1 -1  1  1  1  1]
 [ 1  1 -1 -1  1  1  1  1]
 [ 0 -1 -1 -1 -1  1  0  1]
 [-1 -1 -1 -1  1 -1  0  0]
 [-1  1 -1 -1 -1 -1 -1  0]
 [-1  0  0  0  1 -1  0  0]
 [-1  0  0  1  1  1  1  1]]
PC2
G7
[[ 0 -1 -1 -1 -1 -1  0  1]
 [ 0  0 -1 -1  1  1  1  1]
 [ 1  1 -1 -1  1  1  1  1]
 [ 0 -1 -1 -1 -1  1  0  1]
 [-1 -1 -1 -1  1 -1  0  0]
 [-1  1 -1 -1 -1  1 -1  0]
 [-1  0  0  0  1  1  1  0]
 [-1  0  0  1  1  1  1  1]]
PC1
B2
[[ 0 -1 -1 -1 -1 -1  0  1]
 [ 0 -1 -1 -1  1  1  1  1]
 [ 1 -1 -1 -1  1  1  1  1]
 [ 0 -1 -1 -1 -1  1  0  1]
 [-1 -1 -1 -1  1 -1  0  0]
 [-1  1 -1 -1 -1  1 -1  0]
 [-1  0  0  0  1  1  1  0]
 [-1  0  0  1  1  1  1  1]]
PC2
C7
[[ 0 -1 -1 -1 -1 -1  0  1]
 [ 0 -1 -1 -1  1  1  1  1]
 [ 1 -1 -1 -1  1  1  1  1]
 [ 0 -1 -1 -1 -1  1  0  1]
 [-1 -1 -1 -1  1 -1  0  0]
 [-1  1 -1  1 -1  1 -1  0]
 [-1  0  1  0  1  1  1  0]
 [-1  0  0  1  1  1  1  1]]
PC1
G5
[[ 0 -1 -1 -1 -1 -1  0  1]
 [ 0 -1 -1 -1  1  1  1  1]
 [ 1 -1 -1 -1 -1  1  1  1]
 [ 0 -1 -1 -1 -1 -1  0  1]
 [-1 -1 -1 -1  1 -1 -1  0]
 [-1  1 -1  1 -1  1 -1  0]
 [-1  0  1  0  1  1  1  0]
 [-1  0  0  1  1  1  1  1]]
PC2
A1
[[ 1 -1 -1 -1 -1 -1  0  1]
 [ 0  1 -1 -1  1  1  1  1]
 [ 1 -1  1 -1 -1  1  1  1]
 [ 0 -1 -1  1 -1 -1  0  1]
 [-1 -1 -1 -1  1 -1 -1  0]
 [-1  1 -1  1 -1  1 -1  0]
 [-1  0  1  0  1  1  1  0]
 [-1  0  0  1  1  1  1  1]]
PC1
G1
[[ 1 -1 -1 -1 -1 -1 -1  1]
 [ 0  1 -1 -1  1 -1  1  1]
 [ 1 -1  1 -1 -1  1  1  1]
 [ 0 -1 -1  1 -1 -1  0  1]
 [-1 -1 -1 -1  1 -1 -1  0]
 [-1  1 -1  1 -1  1 -1  0]
 [-1  0  1  0  1  1  1  0]
 [-1  0  0  1  1  1  1  1]]
PC2
G4
[[ 1 -1 -1 -1 -1 -1 -1  1]
 [ 0  1 -1 -1  1 -1  1  1]
 [ 1 -1  1 -1 -1  1  1  1]
 [ 0 -1 -1  1  1  1  1  1]
 [-1 -1 -1 -1  1 -1  1  0]
 [-1  1 -1  1 -1  1  1  0]
 [-1  0  1  0  1  1  1  0]
 [-1  0  0  1  1  1  1  1]]
PC1
H6
[[ 1 -1 -1 -1 -1 -1 -1  1]
 [ 0  1 -1 -1  1 -1  1  1]
 [ 1 -1  1 -1 -1  1  1  1]
 [ 0 -1 -1  1  1 -1  1  1]
 [-1 -1 -1 -1  1 -1 -1  0]
 [-1  1 -1  1 -1 -1 -1 -1]
 [-1  0  1  0  1  1  1  0]
 [-1  0  0  1  1  1  1  1]]
PC2
H5
[[ 1 -1 -1 -1 -1 -1 -1  1]
 [ 0  1 -1 -1  1 -1  1  1]
 [ 1 -1  1 -1 -1  1  1  1]
 [ 0 -1 -1  1  1 -1  1  1]
 [-1 -1 -1 -1  1  1  1  1]
 [-1  1 -1  1 -1 -1  1 -1]
 [-1  0  1  0  1  1  1  0]
 [-1  0  0  1  1  1  1  1]]
PC1
A2
[[ 1 -1 -1 -1 -1 -1 -1  1]
 [-1 -1 -1 -1  1 -1  1  1]
 [ 1 -1  1 -1 -1  1  1  1]
 [ 0 -1 -1  1  1 -1  1  1]
 [-1 -1 -1 -1  1  1  1  1]
 [-1  1 -1  1 -1 -1  1 -1]
 [-1  0  1  0  1  1  1  0]
 [-1  0  0  1  1  1  1  1]]
PC2
H7
[[ 1 -1 -1 -1 -1 -1 -1  1]
 [-1 -1 -1 -1  1 -1  1  1]
 [ 1 -1  1 -1 -1  1  1  1]
 [ 0 -1 -1  1  1 -1  1  1]
 [-1 -1 -1 -1  1  1  1  1]
 [-1  1 -1  1 -1 -1  1  1]
 [-1  0  1  0  1  1  1  1]
 [-1  0  0  1  1  1  1  1]]
PC1
A4
[[ 1 -1 -1 -1 -1 -1 -1  1]
 [-1 -1 -1 -1  1 -1  1  1]
 [-1 -1  1 -1 -1  1  1  1]
 [-1 -1 -1  1  1 -1  1  1]
 [-1 -1 -1 -1  1  1  1  1]
 [-1  1 -1  1 -1 -1  1  1]
 [-1  0  1  0  1  1  1  1]
 [-1  0  0  1  1  1  1  1]]
PC2
D7
[[ 1 -1 -1 -1 -1 -1 -1  1]
 [-1 -1 -1 -1  1 -1  1  1]
 [-1 -1  1 -1 -1  1  1  1]
 [-1 -1 -1  1  1 -1  1  1]
 [-1 -1 -1 -1  1  1  1  1]
 [-1  1 -1  1  1 -1  1  1]
 [-1  0  1  1  1  1  1  1]
 [-1  0  0  1  1  1  1  1]]
PC1
B7
[[ 1 -1 -1 -1 -1 -1 -1  1]
 [-1 -1 -1 -1  1 -1  1  1]
 [-1 -1  1 -1 -1  1  1  1]
 [-1 -1 -1  1  1 -1  1  1]
 [-1 -1 -1 -1  1  1  1  1]
 [-1 -1 -1  1  1 -1  1  1]
 [-1 -1  1  1  1  1  1  1]
 [-1  0  0  1  1  1  1  1]]
PC2