OTHELLO MASTER
Select your color
(  1 ) Black
( -1 ) White
1
.\othello_game.py:67: UserWarning: FixedFormatter should only be used together with FixedLocator
  ax.set_yticklabels(np.arange(1, 10, 1),minor=True)
.\othello_game.py:68: UserWarning: FixedFormatter should only be used together with FixedLocator
  ax.set_xticklabels(['A','B','C','D','E','F','G','H'],minor=True)
[[ 0  0  0  0  0  0  0  0]
 [ 0  0  0  0  0  0  0  0]
 [ 0  0  0  0  0  0  0  0]
 [ 0  0  0 -1  1  0  0  0]
 [ 0  0  0  1 -1  0  0  0]
 [ 0  0  0  0  0  0  0  0]
 [ 0  0  0  0  0  0  0  0]
 [ 0  0  0  0  0  0  0  0]]
P1:D3
Time needed 3.2135519981384277
1 -> D3
[[ 0  0  0  0  0  0  0  0]
 [ 0  0  0  0  0  0  0  0]
 [ 0  0  0  1  0  0  0  0]
 [ 0  0  0  1  1  0  0  0]
 [ 0  0  0  1 -1  0  0  0]
 [ 0  0  0  0  0  0  0  0]
 [ 0  0  0  0  0  0  0  0]
 [ 0  0  0  0  0  0  0  0]]
PC1 thinking ...
[[ 0  0  0  0  0  0  0  0]
 [ 0  0  0  0  0  0  0  0]
 [ 0  0  0  0  0  0  0  0]
 [ 0  0  0  0  0  0  0  0]
 [ 0  0 -1 -2  0  0  0  0]
 [ 0  0  0  0  0  0  0  0]
 [ 0  0  0  0  0  0  0  0]
 [ 0  0  0  0  0  0  0  0]]
Time needed 0.304917573928833
-1 -> C5
[[ 0  0  0  0  0  0  0  0]
 [ 0  0  0  0  0  0  0  0]
 [ 0  0  0  1  0  0  0  0]
 [ 0  0  0  1  1  0  0  0]
 [ 0  0 -1 -1 -1  0  0  0]
 [ 0  0  0  0  0  0  0  0]
 [ 0  0  0  0  0  0  0  0]
 [ 0  0  0  0  0  0  0  0]]
P1:C6
Time needed 23.526463270187378
1 -> C6
[[ 0  0  0  0  0  0  0  0]
 [ 0  0  0  0  0  0  0  0]
 [ 0  0  0  1  0  0  0  0]
 [ 0  0  0  1  1  0  0  0]
 [ 0  0 -1  1 -1  0  0  0]
 [ 0  0  1  0  0  0  0  0]
 [ 0  0  0  0  0  0  0  0]
 [ 0  0  0  0  0  0  0  0]]
PC1 thinking ...
[[ 0  0  0  0  0  0  0  0]
 [ 0  0  0  0  0  0  0  0]
 [ 0  0  0  0 -1  0  0  0]
 [ 0  0  0 -2 -2  0  0  0]
 [ 0  0  0  0  0  0  0  0]
 [ 0  0  0  0  0  0  0  0]
 [ 0  0  0  0  0  0  0  0]
 [ 0  0  0  0  0  0  0  0]]
Time needed 0.6799993515014648
-1 -> E3
[[ 0  0  0  0  0  0  0  0]
 [ 0  0  0  0  0  0  0  0]
 [ 0  0  0  1 -1  0  0  0]
 [ 0  0  0 -1 -1  0  0  0]
 [ 0  0 -1  1 -1  0  0  0]
 [ 0  0  1  0  0  0  0  0]
 [ 0  0  0  0  0  0  0  0]
 [ 0  0  0  0  0  0  0  0]]
P1:F3
Time needed 4.943956613540649
1 -> F3
[[ 0  0  0  0  0  0  0  0]
 [ 0  0  0  0  0  0  0  0]
 [ 0  0  0  1  1  1  0  0]
 [ 0  0  0 -1  1  0  0  0]
 [ 0  0 -1  1 -1  0  0  0]
 [ 0  0  1  0  0  0  0  0]
 [ 0  0  0  0  0  0  0  0]
 [ 0  0  0  0  0  0  0  0]]
PC1 thinking ...
[[ 0  0  0  0  0  0  0  0]
 [ 0  0  0  0 -1  0  0  0]
 [ 0  0  0  0 -2  0  0  0]
 [ 0  0  0  0 -2  0  0  0]
 [ 0  0  0  0  0  0  0  0]
 [ 0  0  0  0  0  0  0  0]
 [ 0  0  0  0  0  0  0  0]
 [ 0  0  0  0  0  0  0  0]]
Time needed 2.157334804534912
-1 -> E2
[[ 0  0  0  0  0  0  0  0]
 [ 0  0  0  0 -1  0  0  0]
 [ 0  0  0  1 -1  1  0  0]
 [ 0  0  0 -1 -1  0  0  0]
 [ 0  0 -1  1 -1  0  0  0]
 [ 0  0  1  0  0  0  0  0]
 [ 0  0  0  0  0  0  0  0]
 [ 0  0  0  0  0  0  0  0]]
P1:C4
Time needed 7.218529939651489
1 -> C4
[[ 0  0  0  0  0  0  0  0]
 [ 0  0  0  0 -1  0  0  0]
 [ 0  0  0  1 -1  1  0  0]
 [ 0  0  1 -1 -1  0  0  0]
 [ 0  0  1  1 -1  0  0  0]
 [ 0  0  1  0  0  0  0  0]
 [ 0  0  0  0  0  0  0  0]
 [ 0  0  0  0  0  0  0  0]]
PC1 thinking ...
[[ 0  0  0  0  0  0  0  0]
 [ 0  0  0  0  0  0  0  0]
 [ 0  0 -1 -2  0  0  0  0]
 [ 0  0  0  0  0  0  0  0]
 [ 0  0  0  0  0  0  0  0]
 [ 0  0  0  0  0  0  0  0]
 [ 0  0  0  0  0  0  0  0]
 [ 0  0  0  0  0  0  0  0]]
Time needed 5.128631353378296
-1 -> C3
[[ 0  0  0  0  0  0  0  0]
 [ 0  0  0  0 -1  0  0  0]
 [ 0  0 -1 -1 -1  1  0  0]
 [ 0  0  1 -1 -1  0  0  0]
 [ 0  0  1  1 -1  0  0  0]
 [ 0  0  1  0  0  0  0  0]
 [ 0  0  0  0  0  0  0  0]
 [ 0  0  0  0  0  0  0  0]]
P1:F2
Time needed 12.788662433624268
1 -> F2
[[ 0  0  0  0  0  0  0  0]
 [ 0  0  0  0 -1  1  0  0]
 [ 0  0 -1 -1  1  1  0  0]
 [ 0  0  1  1 -1  0  0  0]
 [ 0  0  1  1 -1  0  0  0]
 [ 0  0  1  0  0  0  0  0]
 [ 0  0  0  0  0  0  0  0]
 [ 0  0  0  0  0  0  0  0]]
PC1 thinking ...
[[ 0  0  0  0  0  0  0  0]
 [ 0  0  0  0  0  0  0  0]
 [ 0  0  0  0  0  0  0  0]
 [ 0  0 -2  0  0  0  0  0]
 [ 0  0 -2  0  0  0  0  0]
 [ 0  0 -2  0  0  0  0  0]
 [ 0  0 -1  0  0  0  0  0]
 [ 0  0  0  0  0  0  0  0]]
Time needed 7.076600551605225
-1 -> C7
[[ 0  0  0  0  0  0  0  0]
 [ 0  0  0  0 -1  1  0  0]
 [ 0  0 -1 -1  1  1  0  0]
 [ 0  0 -1  1 -1  0  0  0]
 [ 0  0 -1  1 -1  0  0  0]
 [ 0  0 -1  0  0  0  0  0]
 [ 0  0 -1  0  0  0  0  0]
 [ 0  0  0  0  0  0  0  0]]
P1:B6
Time needed 24.85077404975891
1 -> B6
[[ 0  0  0  0  0  0  0  0]
 [ 0  0  0  0 -1  1  0  0]
 [ 0  0 -1 -1  1  1  0  0]
 [ 0  0 -1  1 -1  0  0  0]
 [ 0  0  1  1 -1  0  0  0]
 [ 0  1 -1  0  0  0  0  0]
 [ 0  0 -1  0  0  0  0  0]
 [ 0  0  0  0  0  0  0  0]]
PC1 thinking ...
[[ 0  0  0  0  0  0  0  0]
 [ 0  0  0  0  0  0  0  0]
 [ 0  0  0  0 -2 -2 -1  0]
 [ 0  0  0  0  0  0  0  0]
 [ 0  0  0  0  0  0  0  0]
 [ 0  0  0  0  0  0  0  0]
 [ 0  0  0  0  0  0  0  0]
 [ 0  0  0  0  0  0  0  0]]
Time needed 8.423182487487793
-1 -> G3
[[ 0  0  0  0  0  0  0  0]
 [ 0  0  0  0 -1  1  0  0]
 [ 0  0 -1 -1 -1 -1 -1  0]
 [ 0  0 -1  1 -1  0  0  0]
 [ 0  0  1  1 -1  0  0  0]
 [ 0  1 -1  0  0  0  0  0]
 [ 0  0 -1  0  0  0  0  0]
 [ 0  0  0  0  0  0  0  0]]
P1:C8
Time needed 10.300079107284546
1 -> C8
[[ 0  0  0  0  0  0  0  0]
 [ 0  0  0  0 -1  1  0  0]
 [ 0  0 -1 -1 -1 -1 -1  0]
 [ 0  0 -1  1 -1  0  0  0]
 [ 0  0  1  1 -1  0  0  0]
 [ 0  1  1  0  0  0  0  0]
 [ 0  0  1  0  0  0  0  0]
 [ 0  0  1  0  0  0  0  0]]
PC1 thinking ...
[[ 0  0  0  0  0  0  0  0]
 [ 0  0  0  0  0  0  0  0]
 [ 0  0  0  0  0  0  0  0]
 [ 0  0  0 -2  0  0  0  0]
 [ 0  0 -2  0  0  0  0  0]
 [ 0 -2  0  0  0  0  0  0]
 [-1  0  0  0  0  0  0  0]
 [ 0  0  0  0  0  0  0  0]]
Time needed 6.855029106140137
-1 -> A7
[[ 0  0  0  0  0  0  0  0]
 [ 0  0  0  0 -1  1  0  0]
 [ 0  0 -1 -1 -1 -1 -1  0]
 [ 0  0 -1 -1 -1  0  0  0]
 [ 0  0 -1  1 -1  0  0  0]
 [ 0 -1  1  0  0  0  0  0]
 [-1  0  1  0  0  0  0  0]
 [ 0  0  1  0  0  0  0  0]]
P1:A6
Time needed 11.83546257019043
1 -> A6
[[ 0  0  0  0  0  0  0  0]
 [ 0  0  0  0 -1  1  0  0]
 [ 0  0 -1 -1 -1 -1 -1  0]
 [ 0  0 -1 -1 -1  0  0  0]
 [ 0  0 -1  1 -1  0  0  0]
 [ 1  1  1  0  0  0  0  0]
 [-1  0  1  0  0  0  0  0]
 [ 0  0  1  0  0  0  0  0]]
PC1 thinking ...
[[ 0  0  0  0  0  0  0  0]
 [ 0  0  0  0  0  0  0  0]
 [ 0  0  0  0  0  0  0  0]
 [ 0  0  0  0  0  0  0  0]
 [-1  0  0  0  0  0  0  0]
 [-2  0  0  0  0  0  0  0]
 [ 0  0  0  0  0  0  0  0]
 [ 0  0  0  0  0  0  0  0]]
Time needed 4.075759410858154
-1 -> A5
[[ 0  0  0  0  0  0  0  0]
 [ 0  0  0  0 -1  1  0  0]
 [ 0  0 -1 -1 -1 -1 -1  0]
 [ 0  0 -1 -1 -1  0  0  0]
 [-1  0 -1  1 -1  0  0  0]
 [-1  1  1  0  0  0  0  0]
 [-1  0  1  0  0  0  0  0]
 [ 0  0  1  0  0  0  0  0]]
P1:G2
Time needed 17.783000707626343
1 -> G2
[[ 0  0  0  0  0  0  0  0]
 [ 0  0  0  0 -1  1  1  0]
 [ 0  0 -1 -1 -1  1 -1  0]
 [ 0  0 -1 -1  1  0  0  0]
 [-1  0 -1  1 -1  0  0  0]
 [-1  1  1  0  0  0  0  0]
 [-1  0  1  0  0  0  0  0]
 [ 0  0  1  0  0  0  0  0]]
PC1 thinking ...
[[ 0  0  0  0  0  0 -1  0]
 [ 0  0  0  0  0 -2 -2  0]
 [ 0  0  0  0  0  0  0  0]
 [ 0  0  0  0  0  0  0  0]
 [ 0  0  0  0  0  0  0  0]
 [ 0  0  0  0  0  0  0  0]
 [ 0  0  0  0  0  0  0  0]
 [ 0  0  0  0  0  0  0  0]]
Time needed 11.318426609039307
-1 -> G1
[[ 0  0  0  0  0  0 -1  0]
 [ 0  0  0  0 -1 -1 -1  0]
 [ 0  0 -1 -1 -1  1 -1  0]
 [ 0  0 -1 -1  1  0  0  0]
 [-1  0 -1  1 -1  0  0  0]
 [-1  1  1  0  0  0  0  0]
 [-1  0  1  0  0  0  0  0]
 [ 0  0  1  0  0  0  0  0]]
P1:H1
Time needed 6.206862688064575
1 -> H1
[[ 0  0  0  0  0  0 -1  1]
 [ 0  0  0  0 -1 -1  1  0]
 [ 0  0 -1 -1 -1  1 -1  0]
 [ 0  0 -1 -1  1  0  0  0]
 [-1  0 -1  1 -1  0  0  0]
 [-1  1  1  0  0  0  0  0]
 [-1  0  1  0  0  0  0  0]
 [ 0  0  1  0  0  0  0  0]]
PC1 thinking ...
[[ 0  0  0  0  0  0  0  0]
 [ 0  0  0  0  0  0  0  0]
 [ 0  0  0  0  0 -2  0  0]
 [ 0  0  0  0 -2 -1  0  0]
 [ 0  0  0  0  0  0  0  0]
 [ 0  0  0  0  0  0  0  0]
 [ 0  0  0  0  0  0  0  0]
 [ 0  0  0  0  0  0  0  0]]
Time needed 6.359469652175903
-1 -> F4
[[ 0  0  0  0  0  0 -1  1]
 [ 0  0  0  0 -1 -1  1  0]
 [ 0  0 -1 -1 -1 -1 -1  0]
 [ 0  0 -1 -1 -1 -1  0  0]
 [-1  0 -1  1 -1  0  0  0]
 [-1  1  1  0  0  0  0  0]
 [-1  0  1  0  0  0  0  0]
 [ 0  0  1  0  0  0  0  0]]
P1:D2
Time needed 18.61077070236206
1 -> D2
[[ 0  0  0  0  0  0 -1  1]
 [ 0  0  0  1  1  1  1  0]
 [ 0  0 -1  1 -1 -1 -1  0]
 [ 0  0 -1  1 -1 -1  0  0]
 [-1  0 -1  1 -1  0  0  0]
 [-1  1  1  0  0  0  0  0]
 [-1  0  1  0  0  0  0  0]
 [ 0  0  1  0  0  0  0  0]]
PC1 thinking ...
[[ 0  0  0 -1  0  0  0  0]
 [ 0  0  0  0 -2  0  0  0]
 [ 0  0  0  0  0  0  0  0]
 [ 0  0  0  0  0  0  0  0]
 [ 0  0  0  0  0  0  0  0]
 [ 0  0  0  0  0  0  0  0]
 [ 0  0  0  0  0  0  0  0]
 [ 0  0  0  0  0  0  0  0]]
Time needed 10.630343198776245
-1 -> D1
[[ 0  0  0 -1  0  0 -1  1]
 [ 0  0  0  1 -1  1  1  0]
 [ 0  0 -1  1 -1 -1 -1  0]
 [ 0  0 -1  1 -1 -1  0  0]
 [-1  0 -1  1 -1  0  0  0]
 [-1  1  1  0  0  0  0  0]
 [-1  0  1  0  0  0  0  0]
 [ 0  0  1  0  0  0  0  0]]
P1:H3
Time needed 12.21544623374939
1 -> H3
[[ 0  0  0 -1  0  0 -1  1]
 [ 0  0  0  1 -1  1  1  0]
 [ 0  0 -1  1  1  1  1  1]
 [ 0  0 -1  1 -1 -1  0  0]
 [-1  0 -1  1 -1  0  0  0]
 [-1  1  1  0  0  0  0  0]
 [-1  0  1  0  0  0  0  0]
 [ 0  0  1  0  0  0  0  0]]
PC1 thinking ...
[[ 0  0  0  0  0  0  0  0]
 [ 0  0  0  0  0 -2 -2 -1]
 [ 0  0  0  0  0  0 -2  0]
 [ 0  0  0  0  0  0  0  0]
 [ 0  0  0  0  0  0  0  0]
 [ 0  0  0  0  0  0  0  0]
 [ 0  0  0  0  0  0  0  0]
 [ 0  0  0  0  0  0  0  0]]
Time needed 9.488692998886108
-1 -> H2
[[ 0  0  0 -1  0  0 -1  1]
 [ 0  0  0  1 -1 -1 -1 -1]
 [ 0  0 -1  1  1  1 -1  1]
 [ 0  0 -1  1 -1 -1  0  0]
 [-1  0 -1  1 -1  0  0  0]
 [-1  1  1  0  0  0  0  0]
 [-1  0  1  0  0  0  0  0]
 [ 0  0  1  0  0  0  0  0]]
P1:F1
Time needed 6.150763511657715
1 -> F1
[[ 0  0  0 -1  0  1  1  1]
 [ 0  0  0  1  1  1  1 -1]
 [ 0  0 -1  1  1  1 -1  1]
 [ 0  0 -1  1 -1 -1  0  0]
 [-1  0 -1  1 -1  0  0  0]
 [-1  1  1  0  0  0  0  0]
 [-1  0  1  0  0  0  0  0]
 [ 0  0  1  0  0  0  0  0]]
PC1 thinking ...
[[ 0  0  0  0  0  0  0  0]
 [ 0  0  0 -2  0  0  0  0]
 [ 0  0  0 -2  0  0  0  0]
 [ 0  0  0 -2  0  0  0  0]
 [ 0  0  0 -2  0  0  0  0]
 [ 0 -2 -2 -1  0  0  0  0]
 [ 0  0  0  0  0  0  0  0]
 [ 0  0  0  0  0  0  0  0]]
Time needed 8.05227279663086
-1 -> D6
[[ 0  0  0 -1  0  1  1  1]
 [ 0  0  0 -1  1  1  1 -1]
 [ 0  0 -1 -1  1  1 -1  1]
 [ 0  0 -1 -1 -1 -1  0  0]
 [-1  0 -1 -1 -1  0  0  0]
 [-1 -1 -1 -1  0  0  0  0]
 [-1  0  1  0  0  0  0  0]
 [ 0  0  1  0  0  0  0  0]]
P1:B3
Time needed 11.200026035308838
1 -> B3
[[ 0  0  0 -1  0  1  1  1]
 [ 0  0  0 -1  1  1  1 -1]
 [ 0  1  1  1  1  1 -1  1]
 [ 0  0 -1 -1 -1 -1  0  0]
 [-1  0 -1 -1 -1  0  0  0]
 [-1 -1 -1 -1  0  0  0  0]
 [-1  0  1  0  0  0  0  0]
 [ 0  0  1  0  0  0  0  0]]
PC1 thinking ...
[[ 0  0  0  0  0  0  0  0]
 [ 0  0  0  0  0  0  0  0]
 [-1 -2 -2 -2 -2 -2  0  0]
 [ 0  0  0  0  0  0  0  0]
 [ 0  0  0  0  0  0  0  0]
 [ 0  0  0  0  0  0  0  0]
 [ 0  0  0  0  0  0  0  0]
 [ 0  0  0  0  0  0  0  0]]
Time needed 10.590278625488281
-1 -> A3
[[ 0  0  0 -1  0  1  1  1]
 [ 0  0  0 -1  1  1  1 -1]
 [-1 -1 -1 -1 -1 -1 -1  1]
 [ 0  0 -1 -1 -1 -1  0  0]
 [-1  0 -1 -1 -1  0  0  0]
 [-1 -1 -1 -1  0  0  0  0]
 [-1  0  1  0  0  0  0  0]
 [ 0  0  1  0  0  0  0  0]]
P1:C2
Time needed 12.519997119903564
1 -> C2
[[ 0  0  0 -1  0  1  1  1]
 [ 0  0  1  1  1  1  1 -1]
 [-1 -1  1 -1 -1 -1 -1  1]
 [ 0  0  1 -1 -1 -1  0  0]
 [-1  0  1 -1 -1  0  0  0]
 [-1 -1  1 -1  0  0  0  0]
 [-1  0  1  0  0  0  0  0]
 [ 0  0  1  0  0  0  0  0]]
PC1 thinking ...
[[ 0  0  0  0  0  0  0  0]
 [ 0  0  0  0  0  0  0  0]
 [ 0  0  0  0  0  0  0  0]
 [ 0  0  0  0  0  0  0  0]
 [ 0  0  0  0  0  0  0  0]
 [ 0  0  0  0  0  0  0  0]
 [ 0  0 -2  0  0  0  0  0]
 [ 0 -1  0  0  0  0  0  0]]
Time needed 10.774136543273926
-1 -> B8
[[ 0  0  0 -1  0  1  1  1]
 [ 0  0  1  1  1  1  1 -1]
 [-1 -1  1 -1 -1 -1 -1  1]
 [ 0  0  1 -1 -1 -1  0  0]
 [-1  0  1 -1 -1  0  0  0]
 [-1 -1  1 -1  0  0  0  0]
 [-1  0 -1  0  0  0  0  0]
 [ 0 -1  1  0  0  0  0  0]]
P1:A8
Time needed 9.487882852554321
1 -> A8
[[ 0  0  0 -1  0  1  1  1]
 [ 0  0  1  1  1  1  1 -1]
 [-1 -1  1 -1 -1 -1 -1  1]
 [ 0  0  1 -1 -1 -1  0  0]
 [-1  0  1 -1 -1  0  0  0]
 [-1 -1  1 -1  0  0  0  0]
 [-1  0 -1  0  0  0  0  0]
 [ 1  1  1  0  0  0  0  0]]
PC1 thinking ...
[[ 0  0 -1  0  0  0  0  0]
 [ 0  0 -2 -2  0  0  0  0]
 [ 0  0 -2  0  0  0  0  0]
 [ 0  0 -2  0  0  0  0  0]
 [ 0  0 -2  0  0  0  0  0]
 [ 0  0 -2  0  0  0  0  0]
 [ 0  0  0  0  0  0  0  0]
 [ 0  0  0  0  0  0  0  0]]
Time needed 4.659997463226318
-1 -> C1
[[ 0  0 -1 -1  0  1  1  1]
 [ 0  0 -1 -1  1  1  1 -1]
 [-1 -1 -1 -1 -1 -1 -1  1]
 [ 0  0 -1 -1 -1 -1  0  0]
 [-1  0 -1 -1 -1  0  0  0]
 [-1 -1 -1 -1  0  0  0  0]
 [-1  0 -1  0  0  0  0  0]
 [ 1  1  1  0  0  0  0  0]]
P1:B5
Time needed 20.910220623016357
1 -> B5
[[ 0  0 -1 -1  0  1  1  1]
 [ 0  0 -1 -1  1  1  1 -1]
 [-1 -1 -1  1 -1 -1 -1  1]
 [ 0  0  1 -1 -1 -1  0  0]
 [-1  1 -1 -1 -1  0  0  0]
 [-1 -1 -1 -1  0  0  0  0]
 [-1  0 -1  0  0  0  0  0]
 [ 1  1  1  0  0  0  0  0]]
PC1 thinking ...
[[ 0  0  0  0 -1  0  0  0]
 [ 0  0  0  0 -2 -2  0  0]
 [ 0  0  0  0  0  0  0  0]
 [ 0  0  0  0  0  0  0  0]
 [ 0  0  0  0  0  0  0  0]
 [ 0  0  0  0  0  0  0  0]
 [ 0  0  0  0  0  0  0  0]
 [ 0  0  0  0  0  0  0  0]]
Time needed 1.2902805805206299
-1 -> E1
[[ 0  0 -1 -1 -1  1  1  1]
 [ 0  0 -1 -1 -1 -1  1 -1]
 [-1 -1 -1  1 -1 -1 -1  1]
 [ 0  0  1 -1 -1 -1  0  0]
 [-1  1 -1 -1 -1  0  0  0]
 [-1 -1 -1 -1  0  0  0  0]
 [-1  0 -1  0  0  0  0  0]
 [ 1  1  1  0  0  0  0  0]]
P1:A4
Time needed 11.479817867279053
1 -> A4
[[ 0  0 -1 -1 -1  1  1  1]
 [ 0  0 -1 -1 -1 -1  1 -1]
 [-1 -1 -1  1 -1 -1 -1  1]
 [ 1  0  1 -1 -1 -1  0  0]
 [ 1  1 -1 -1 -1  0  0  0]
 [ 1 -1 -1 -1  0  0  0  0]
 [ 1  0 -1  0  0  0  0  0]
 [ 1  1  1  0  0  0  0  0]]
PC1 thinking ...
[[ 0  0  0  0  0  0  0  0]
 [ 0  0  0  0  0  0  0  0]
 [ 0  0  0  0  0  0  0  0]
 [ 0 -1 -2  0  0  0  0  0]
 [ 0 -2  0  0  0  0  0  0]
 [ 0  0  0  0  0  0  0  0]
 [ 0  0  0  0  0  0  0  0]
 [ 0  0  0  0  0  0  0  0]]
Time needed 0.19608020782470703
-1 -> B4
[[ 0  0 -1 -1 -1  1  1  1]
 [ 0  0 -1 -1 -1 -1  1 -1]
 [-1 -1 -1  1 -1 -1 -1  1]
 [ 1 -1 -1 -1 -1 -1  0  0]
 [ 1 -1 -1 -1 -1  0  0  0]
 [ 1 -1 -1 -1  0  0  0  0]
 [ 1  0 -1  0  0  0  0  0]
 [ 1  1  1  0  0  0  0  0]]
P1:A2
Time needed 6.928286075592041
1 -> A2
[[ 0  0 -1 -1 -1  1  1  1]
 [ 1  0 -1 -1 -1 -1  1 -1]
 [ 1 -1 -1  1 -1 -1 -1  1]
 [ 1 -1 -1 -1 -1 -1  0  0]
 [ 1 -1 -1 -1 -1  0  0  0]
 [ 1 -1 -1 -1  0  0  0  0]
 [ 1  0 -1  0  0  0  0  0]
 [ 1  1  1  0  0  0  0  0]]
PC1 thinking ...
[[ 0  0  0  0  0  0  0  0]
 [ 0  0  0  0  0  0  0  0]
 [ 0  0  0  0  0  0  0 -2]
 [ 0  0  0  0  0  0  0 -1]
 [ 0  0  0  0  0  0  0  0]
 [ 0  0  0  0  0  0  0  0]
 [ 0  0  0  0  0  0  0  0]
 [ 0  0  0  0  0  0  0  0]]
Time needed 0.014986991882324219
-1 -> H4
[[ 0  0 -1 -1 -1  1  1  1]
 [ 1  0 -1 -1 -1 -1  1 -1]
 [ 1 -1 -1  1 -1 -1 -1 -1]
 [ 1 -1 -1 -1 -1 -1  0 -1]
 [ 1 -1 -1 -1 -1  0  0  0]
 [ 1 -1 -1 -1  0  0  0  0]
 [ 1  0 -1  0  0  0  0  0]
 [ 1  1  1  0  0  0  0  0]]
P1:E7
Time needed 30.373164653778076
1 -> E7
[[ 0  0 -1 -1 -1  1  1  1]
 [ 1  0 -1 -1 -1 -1  1 -1]
 [ 1 -1 -1  1 -1 -1 -1 -1]
 [ 1  1 -1 -1 -1 -1  0 -1]
 [ 1 -1  1 -1 -1  0  0  0]
 [ 1 -1 -1  1  0  0  0  0]
 [ 1  0 -1  0  1  0  0  0]
 [ 1  1  1  0  0  0  0  0]]
PC1 thinking ...
[[ 0  0  0  0  0  0  0  0]
 [ 0  0  0  0  0  0  0  0]
 [ 0  0  0  0  0  0  0  0]
 [ 0  0  0  0  0  0  0  0]
 [ 0  0  0  0  0  0  0  0]
 [ 0  0  0 -2 -1  0  0  0]
 [ 0  0  0  0  0  0  0  0]
 [ 0  0  0  0  0  0  0  0]]
Time needed 0.48009490966796875
-1 -> E6
[[ 0  0 -1 -1 -1  1  1  1]
 [ 1  0 -1 -1 -1 -1  1 -1]
 [ 1 -1 -1  1 -1 -1 -1 -1]
 [ 1  1 -1 -1 -1 -1  0 -1]
 [ 1 -1  1 -1 -1  0  0  0]
 [ 1 -1 -1 -1 -1  0  0  0]
 [ 1  0 -1  0  1  0  0  0]
 [ 1  1  1  0  0  0  0  0]]
P1:D7
Time needed 14.199458837509155
1 -> D7
[[ 0  0 -1 -1 -1  1  1  1]
 [ 1  0 -1 -1 -1 -1  1 -1]
 [ 1 -1 -1  1 -1 -1 -1 -1]
 [ 1  1 -1  1 -1 -1  0 -1]
 [ 1  1  1  1 -1  0  0  0]
 [ 1 -1  1  1 -1  0  0  0]
 [ 1  0 -1  1  1  0  0  0]
 [ 1  1  1  0  0  0  0  0]]
PC1 thinking ...
[[ 0  0  0  0  0  0  0  0]
 [ 0  0  0  0  0  0  0  0]
 [ 0  0  0  0  0  0  0  0]
 [ 0  0  0  0  0  0  0  0]
 [ 0  0  0 -2  0  0  0  0]
 [ 0  0 -2  0  0  0  0  0]
 [ 0 -1  0  0  0  0  0  0]
 [ 0  0  0  0  0  0  0  0]]
Time needed 0.7710027694702148
-1 -> B7
[[ 0  0 -1 -1 -1  1  1  1]
 [ 1  0 -1 -1 -1 -1  1 -1]
 [ 1 -1 -1  1 -1 -1 -1 -1]
 [ 1  1 -1  1 -1 -1  0 -1]
 [ 1  1  1 -1 -1  0  0  0]
 [ 1 -1 -1  1 -1  0  0  0]
 [ 1 -1 -1  1  1  0  0  0]
 [ 1  1  1  0  0  0  0  0]]
P1:B1
Time needed 23.854609966278076
1 -> B1
[[ 0  1  1  1  1  1  1  1]
 [ 1  0  1 -1 -1 -1  1 -1]
 [ 1 -1 -1  1 -1 -1 -1 -1]
 [ 1  1 -1  1 -1 -1  0 -1]
 [ 1  1  1 -1 -1  0  0  0]
 [ 1 -1 -1  1 -1  0  0  0]
 [ 1 -1 -1  1  1  0  0  0]
 [ 1  1  1  0  0  0  0  0]]
PC1 thinking ...
[[ 0  0  0  0  0  0  0  0]
 [ 0  0  0  0  0  0  0  0]
 [ 0  0  0  0  0  0  0  0]
 [ 0  0  0  0  0  0  0  0]
 [ 0  0  0  0  0  0  0  0]
 [ 0  0  0 -2  0  0  0  0]
 [ 0  0  0 -2  0  0  0  0]
 [ 0  0  0 -1  0  0  0  0]]
Time needed 0.5109837055206299
-1 -> D8
[[ 0  1  1  1  1  1  1  1]
 [ 1  0  1 -1 -1 -1  1 -1]
 [ 1 -1 -1  1 -1 -1 -1 -1]
 [ 1  1 -1  1 -1 -1  0 -1]
 [ 1  1  1 -1 -1  0  0  0]
 [ 1 -1 -1 -1 -1  0  0  0]
 [ 1 -1 -1 -1  1  0  0  0]
 [ 1  1  1 -1  0  0  0  0]]
P1:B2
Time needed 40.36832141876221
1 -> B2
[[ 0  1  1  1  1  1  1  1]
 [ 1  1  1 -1 -1 -1  1 -1]
 [ 1  1  1  1 -1 -1 -1 -1]
 [ 1  1 -1  1 -1 -1  0 -1]
 [ 1  1  1 -1 -1  0  0  0]
 [ 1 -1 -1 -1 -1  0  0  0]
 [ 1 -1 -1 -1  1  0  0  0]
 [ 1  1  1 -1  0  0  0  0]]
PC1 thinking ...
[[ 0  0  0  0  0  0  0  0]
 [ 0  0  0  0  0  0  0  0]
 [ 0  0  0  0  0  0  0  0]
 [ 0  0  0  0  0  0  0  0]
 [ 0  0  0  0  0  0  0  0]
 [ 0  0  0  0  0 -1  0  0]
 [ 0  0  0  0 -2  0  0  0]
 [ 0  0  0  0  0  0  0  0]]
Time needed 0.8230252265930176
-1 -> F6
[[ 0  1  1  1  1  1  1  1]
 [ 1  1  1 -1 -1 -1  1 -1]
 [ 1  1  1  1 -1 -1 -1 -1]
 [ 1  1 -1  1 -1 -1  0 -1]
 [ 1  1  1 -1 -1  0  0  0]
 [ 1 -1 -1 -1 -1 -1  0  0]
 [ 1 -1 -1 -1 -1  0  0  0]
 [ 1  1  1 -1  0  0  0  0]]
P1:E8
Time needed 6.245643377304077
1 -> E8
[[ 0  1  1  1  1  1  1  1]
 [ 1  1  1 -1  1 -1  1 -1]
 [ 1  1  1  1  1 -1 -1 -1]
 [ 1  1 -1  1  1 -1  0 -1]
 [ 1  1  1 -1  1  0  0  0]
 [ 1 -1  1 -1  1 -1  0  0]
 [ 1 -1 -1  1  1  0  0  0]
 [ 1  1  1  1  1  0  0  0]]
PC1 thinking ...
[[-1  0  0  0  0  0  0  0]
 [ 0 -2  0  0  0  0  0  0]
 [ 0  0 -2  0  0  0  0  0]
 [ 0  0  0 -2  0  0  0  0]
 [ 0  0  0  0 -2  0  0  0]
 [ 0  0  0  0  0  0  0  0]
 [ 0  0  0  0  0  0  0  0]
 [ 0  0  0  0  0  0  0  0]]
Time needed 0.5659966468811035
-1 -> A1
[[-1  1  1  1  1  1  1  1]
 [ 1 -1  1 -1  1 -1  1 -1]
 [ 1  1 -1  1  1 -1 -1 -1]
 [ 1  1 -1 -1  1 -1  0 -1]
 [ 1  1  1 -1 -1  0  0  0]
 [ 1 -1  1 -1  1 -1  0  0]
 [ 1 -1 -1  1  1  0  0  0]
 [ 1  1  1  1  1  0  0  0]]
P1:F5
Time needed 9.981796979904175
1 -> F5
[[-1  1  1  1  1  1  1  1]
 [ 1 -1  1 -1  1  1  1 -1]
 [ 1  1 -1  1  1  1 -1 -1]
 [ 1  1 -1 -1  1  1  0 -1]
 [ 1  1  1  1  1  1  0  0]
 [ 1 -1  1 -1  1 -1  0  0]
 [ 1 -1 -1  1  1  0  0  0]
 [ 1  1  1  1  1  0  0  0]]
PC1 thinking ...
[[ 0  0  0  0  0  0  0  0]
 [ 0  0  0  0  0  0  0  0]
 [ 0  0  0  0  0  0  0  0]
 [ 0  0  0  0 -2 -2 -1  0]
 [ 0  0  0  0  0  0  0  0]
 [ 0  0  0  0  0  0  0  0]
 [ 0  0  0  0  0  0  0  0]
 [ 0  0  0  0  0  0  0  0]]
Time needed 0.3940136432647705
-1 -> G4
[[-1  1  1  1  1  1  1  1]
 [ 1 -1  1 -1  1  1  1 -1]
 [ 1  1 -1  1  1  1 -1 -1]
 [ 1  1 -1 -1 -1 -1 -1 -1]
 [ 1  1  1  1  1  1  0  0]
 [ 1 -1  1 -1  1 -1  0  0]
 [ 1 -1 -1  1  1  0  0  0]
 [ 1  1  1  1  1  0  0  0]]
P1:H5
Time needed 11.387250185012817
1 -> H5
[[-1  1  1  1  1  1  1  1]
 [ 1 -1  1 -1  1  1  1  1]
 [ 1  1 -1  1  1  1 -1  1]
 [ 1  1 -1 -1 -1 -1  1  1]
 [ 1  1  1  1  1  1  0  1]
 [ 1 -1  1 -1  1 -1  0  0]
 [ 1 -1 -1  1  1  0  0  0]
 [ 1  1  1  1  1  0  0  0]]
PC1 thinking ...
[[ 0  0  0  0  0  0  0  0]
 [ 0  0  0  0  0  0  0  0]
 [ 0  0  0  0  0  0  0  0]
 [ 0  0  0  0  0  0  0  0]
 [ 0  0  0  0  0  0  0  0]
 [ 0  0  0  0  0  0  0  0]
 [ 0  0  0  0 -2  0  0  0]
 [ 0  0  0  0  0 -1  0  0]]
Time needed 0.49599695205688477
-1 -> F8
[[-1  1  1  1  1  1  1  1]
 [ 1 -1  1 -1  1  1  1  1]
 [ 1  1 -1  1  1  1 -1  1]
 [ 1  1 -1 -1 -1 -1  1  1]
 [ 1  1  1  1  1  1  0  1]
 [ 1 -1  1 -1  1 -1  0  0]
 [ 1 -1 -1  1 -1  0  0  0]
 [ 1  1  1  1  1 -1  0  0]]
P1:F7
Time needed 10.15888524055481
1 -> F7
[[-1  1  1  1  1  1  1  1]
 [ 1 -1  1 -1  1  1  1  1]
 [ 1  1 -1  1  1  1 -1  1]
 [ 1  1 -1 -1 -1 -1  1  1]
 [ 1  1  1  1  1  1  0  1]
 [ 1 -1  1 -1  1  1  0  0]
 [ 1 -1 -1  1  1  1  0  0]
 [ 1  1  1  1  1 -1  0  0]]
PC1 thinking ...
[[ 0  0  0  0  0  0  0  0]
 [ 0  0  0  0  0  0  0  0]
 [ 0  0  0  0  0  0  0  0]
 [ 0  0  0  0  0  0 -2  0]
 [ 0  0  0  0  0  0 -1  0]
 [ 0  0  0  0  0  0  0  0]
 [ 0  0  0  0  0  0  0  0]
 [ 0  0  0  0  0  0  0  0]]
Time needed 0.30197858810424805
-1 -> G5
[[-1  1  1  1  1  1  1  1]
 [ 1 -1  1 -1  1  1  1  1]
 [ 1  1 -1  1  1  1 -1  1]
 [ 1  1 -1 -1 -1 -1 -1  1]
 [ 1  1  1  1  1  1 -1  1]
 [ 1 -1  1 -1  1  1  0  0]
 [ 1 -1 -1  1  1  1  0  0]
 [ 1  1  1  1  1 -1  0  0]]
P1:G6
Time needed 16.621742248535156
1 -> G6
[[-1  1  1  1  1  1  1  1]
 [ 1 -1  1 -1  1  1  1  1]
 [ 1  1 -1  1  1  1  1  1]
 [ 1  1 -1 -1 -1 -1  1  1]
 [ 1  1  1  1  1  1  1  1]
 [ 1 -1  1 -1  1  1  1  0]
 [ 1 -1 -1  1  1  1  0  0]
 [ 1  1  1  1  1 -1  0  0]]
PC1 thinking ...
[[ 0  0  0  0  0  0  0  0]
 [ 0  0  0  0  0  0  0  0]
 [ 0  0  0  0  0  0  0  0]
 [ 0  0  0  0  0  0  0  0]
 [ 0  0  0  0  0 -2  0  0]
 [ 0  0  0  0  0  0 -2  0]
 [ 0  0  0  0  0  0  0 -1]
 [ 0  0  0  0  0  0  0  0]]
Time needed 0.10500121116638184
-1 -> H7
[[-1  1  1  1  1  1  1  1]
 [ 1 -1  1 -1  1  1  1  1]
 [ 1  1 -1  1  1  1  1  1]
 [ 1  1 -1 -1 -1 -1  1  1]
 [ 1  1  1  1  1 -1  1  1]
 [ 1 -1  1 -1  1  1 -1  0]
 [ 1 -1 -1  1  1  1  0 -1]
 [ 1  1  1  1  1 -1  0  0]]
P1:H6
Time needed 13.305062770843506
1 -> H6
[[-1  1  1  1  1  1  1  1]
 [ 1 -1  1 -1  1  1  1  1]
 [ 1  1 -1  1  1  1  1  1]
 [ 1  1 -1 -1 -1 -1  1  1]
 [ 1  1  1  1  1 -1  1  1]
 [ 1 -1  1 -1  1  1  1  1]
 [ 1 -1 -1  1  1  1  0 -1]
 [ 1  1  1  1  1 -1  0  0]]
PC1 thinking ...
[[ 0  0  0  0  0  0  0  0]
 [ 0  0  0  0  0  0  0  0]
 [ 0  0  0  0  0  0  0  0]
 [ 0  0  0  0  0  0  0  0]
 [ 0  0  0 -2  0  0  0  0]
 [ 0  0  0  0 -2  0  0  0]
 [ 0  0  0  0  0 -2  0  0]
 [ 0  0  0  0  0  0 -1  0]]
Time needed 0.013015270233154297
-1 -> G8
[[-1  1  1  1  1  1  1  1]
 [ 1 -1  1 -1  1  1  1  1]
 [ 1  1 -1  1  1  1  1  1]
 [ 1  1 -1 -1 -1 -1  1  1]
 [ 1  1  1 -1  1 -1  1  1]
 [ 1 -1  1 -1 -1  1  1  1]
 [ 1 -1 -1  1  1 -1  0 -1]
 [ 1  1  1  1  1 -1 -1  0]]
P1:H8
Time needed 18.04765772819519
1 -> H8
[[-1  1  1  1  1  1  1  1]
 [ 1 -1  1 -1  1  1  1  1]
 [ 1  1 -1  1  1  1  1  1]
 [ 1  1 -1 -1 -1 -1  1  1]
 [ 1  1  1 -1  1 -1  1  1]
 [ 1 -1  1 -1 -1  1  1  1]
 [ 1 -1 -1  1  1 -1  0  1]
 [ 1  1  1  1  1  1  1  1]]
PC1 thinking ...
[[ 0  0  0  0  0  0  0  0]
 [ 0  0  0  0  0  0  0  0]
 [ 0  0  0  0  0  0  0  0]
 [ 0  0  0  0  0  0  0  0]
 [ 0  0  0  0 -2  0  0  0]
 [ 0  0  0  0  0 -2  0  0]
 [ 0  0  0  0  0  0 -1  0]
 [ 0  0  0  0  0  0  0  0]]
Time needed 0.002002239227294922
-1 -> G7
[[-1  1  1  1  1  1  1  1]
 [ 1 -1  1 -1  1  1  1  1]
 [ 1  1 -1  1  1  1  1  1]
 [ 1  1 -1 -1 -1 -1  1  1]
 [ 1  1  1 -1 -1 -1  1  1]
 [ 1 -1  1 -1 -1 -1  1  1]
 [ 1 -1 -1  1  1 -1 -1  1]
 [ 1  1  1  1  1  1  1  1]]
GAME OVER
Black tiles win